0 0.044854783599088836 0.43735763097949887 0.03497152619589977 0.045558086560364475
0 0.240999430523918 0.4168564920273349 0.03193052391799544 0.045558086560364475
0 0.4591913439635535 0.39066059225512534 0.027369020501138906 0.03416856492027329
0 0.6751025056947608 0.5478359908883828 0.024328018223234552 0.038724373576309784
0 0.8377961275626423 0.5478359908883828 0.02736902050113897 0.025056947608200417
1 0.5230523917995444 0.7186788154897493 0.012164009111617347 0.015945330296127765
1 0.565626423690205 0.7198177676537586 0.009123006833713063 0.013667425968109513
1 0.6051594533029613 0.7209567198177677 0.0152050113895217 0.015945330296127623
1 0.649253986332574 0.7186788154897493 0.0152050113895217 0.015945330296127765
1 0.722238041002278 0.7642369020501139 0.012164009111617276 0.01594533029612748
1 0.5755096810933941 0.7824601366742597 0.010643507972665205 0.015945330296127623
1 0.59375569476082 0.7801822323462414 0.013684510250569487 0.015945330296127623
1 0.6173234624145786 0.7779043280182233 0.012164009111617347 0.020501138952163985
1 0.6393707289293848 0.7790432801822323 0.013684510250569416 0.018223234624145733
1 0.6690205011389522 0.7813211845102507 0.0152050113895217 0.018223234624145875
